1.0,0.1844497196480542,0.19999743490079458,0.2051165056581182,0.019128131650759737,0.006662441351417515,0.06583116791664166,-0.011776725635015518,0.021068047484276063
0.1844497196480542,1.0,0.8903851818735892,0.9090439440583463,0.39842933822269455,0.46571569939768825,0.5563313096319454,0.04005332554001314,0.4100893258347937
0.19999743490079458,0.8903851818735892,1.0,0.9937943140969585,0.3751320566653598,0.45303141347114123,0.5896070646875571,0.058804351650312996,0.37528880873585274
0.2051165056581182,0.9090439440583463,0.9937943140969585,1.0,0.37298474699176637,0.44240481755134936,0.5921825653775815,0.050590660723455964,0.37567506019373287
0.019128131650759737,0.39842933822269455,0.3751320566653598,0.37298474699176637,1.0,0.5296213615655012,0.17053456176513826,-0.028086176591397782,0.7151473421451261
0.006662441351417515,0.46571569939768825,0.45303141347114123,0.44240481755134936,0.5296213615655012,1.0,0.17144883141771364,-0.03075975402856753,0.40017910996016
0.06583116791664166,0.5563313096319454,0.5896070646875571,0.5921825653775815,0.17053456176513826,0.17144883141771364,1.0,0.18824379332348604,0.2137243847041793
-0.011776725635015518,0.04005332554001314,0.058804351650312996,0.050590660723455964,-0.028086176591397782,-0.03075975402856753,0.18824379332348604,1.0,-0.0199955481787057
0.021068047484276063,0.4100893258347937,0.37528880873585274,0.37567506019373287,0.7151473421451261,0.40017910996016,0.2137243847041793,-0.0199955481787057,1.0
